Name             Mj      Mj_err1 Mj_err2 Rj      Rj_err1 Rj_err2  P        e      e_err    Ms   Ms_err1 Ms_err2   Rs     Rs_err1 Rs_err2  Teff     T_err  FeH   FeH_err 
TOI-4603b        12.90   0.58   0.57   1.04     0.04    0.04    7.246    0.325   0.02    1.77   0.06    0.06    2.74    0.05    0.05    6264.0   95.0   0.34   0.04   
HATS-70b         12.90   1.80   1.60   1.384    0.079   0.074   1.888    0.18    0.0     1.78   0.12    0.12    1.881   0.059   0.066   7930.0   820.0  0.041  0.107  
TOI-1278b        18.5    0.5    0.5    1.09     0.24    0.20    14.47567 0.013   0.004   0.54   0.02    0.02    0.57    0.01    0.01    3799.0     42     0.00   0.09   
Kepler-39b       19.0    1.30   1.30   1.067    0.028   0.026   21.08701 0.066   0.036   1.201  0.071   0.087   1.260   0.030   0.029   6290.0   120.0  0.07   0.14   
GPX-1b           19.7    1.60   1.60   1.47     0.10    0.10    1.744579 0.0     0.0     1.68   0.10    0.10    1.56    0.10    0.10    7000.0   200.0  0.35   0.1    
TOI-1994b        22.1    2.60   2.50   1.220    0.082   0.071   4.033714 0.341   0.059   1.86   0.18    0.17    2.30    0.13    0.12    7700.0   720.0  -0.01  0.42   
CoRoT-3b         22.32   0.84   1.00   1.080    0.051   0.046   4.25636  0.0120  0.018   1.437  0.081   0.086   1.661   0.076   0.065   6710.0   140.0  -0.037 0.084  
TOI-5882b	 24.36	 0.85	1.7    0.833	0.06	0.059	7.148942 0.0347	0.0082	 1.545	0.077	0.17	2.303	0.066	0.064	   6000	    190.0	0.378  0.084  
KELT-1b          27.93   0.94   0.99   1.129    0.031   0.027   1.217523 0.0096  0.0067  1.390  0.065   0.069   1.486   0.035   0.032   6520.0   47.0   0.071  0.078  
NLTT41135b       33.70   2.80   2.60   1.13     0.27    0.17    2.889    0.02    0.0     0.188  0.026   0.022   0.21    0.016   0.014   3230.0   130.0  -0.25  0.25   
WASP-128b        39.26   0.88   1.00   0.957    0.017   0.016   2.208825 0.0041  0.0029  1.213  0.041   0.046   1.179   0.017   0.018   6081.0   78.0   0.117  0.093  
CWW89Ab          39.21   0.91   1.10   0.941    0.019   0.019   5.2926   0.1891  0.0022  1.101  0.039   0.045   1.029   0.016   0.016   5755.0   49.0   0.203  0.091  
KOI-205b         39.70   2.10   1.80   0.870    0.022   0.024   11.72021 0.026   0.018   0.876  0.046   0.035   0.904   0.022   0.025   5238.0   87.0   0.15   0.14   
TOI-1406b        46.0    2.60   2.70   0.858    0.028   0.027   10.574   0.0     0.0     1.184  0.081   0.089   1.348   0.032   0.031   6290.0   100    -0.079 0.088    
TOI-5613b	 46.3	1.3	1.5	0.979	0.036	0.032	12.78479 0.5313 0.0035	1.026	0.041	0.049	0.956	0.029	0.026	5607	79	0.31	0.1   
TOI-3755b	 47.3	1.9	2.2	0.876	0.05	0.045	5.543742 0.005	0.0031	1.042	0.063	0.073	1.04	0.041	0.039	5630	170	0.339	0.091 
EPIC212036875b   52.3    1.90   1.90   0.874    0.017   0.017   5.1699   0.1323  0.0042  1.288  0.065   0.064   1.498   0.025   0.026   6238.0   59.0   0.007  0.096  
TOI-503b         53.7    1.20   1.20   1.34     0.26    0.15    3.677086 0.0     0.0     1.803  0.061   0.060   1.704   0.049   0.044   7650.0   160    0.294  0.089  
TOI-852b         53.7    1.40   1.30   0.829    0.037   0.035   4.94563  0.0     0.0     1.291  0.029   0.030   1.715   0.034   0.036   5750.0   47     0.335  0.08   
TOI-2844b	 53.8	5.0	5.1	0.775	0.048	0.044	3.552420 0.429	0.048	1.585	0.071	0.073	1.785	0.087	0.081	6900	220	0.061	0.12  
AD3116b          54.6    6.80   6.80   0.954    0.070   0.065   1.982795 0.144   0.045   0.280  0.030   0.032   0.288   0.021   0.020   3165.0   53.0   0.165  0.094  
TOI-3577b	 59.1	6.2	8.4	0.844	0.092	0.08	5.266758 0.0054	0.0078	1.29	0.21	0.27	1.64	0.11	0.11	6510	870	-0.21	0.44  
RIK72b           59.2    6.80   6.70   3.10     0.31    0.31    97.76    0.1079  0.0116  0.439  0.044   0.044   0.961   0.096   0.096   3349.0   142.0  0.0    0.0    
TOI-811b         59.9    13.0   8.60   1.262    0.062   0.062   25.16551 0.407   0.046   1.323  0.053   0.069   1.270   0.064   0.092   6107.0   77.0   0.402  0.090  
WASP-30b         61.70   1.50   1.10   0.964    0.032   0.028   4.156775 0.0023  0.0015  1.226  0.046   0.034   1.423   0.038   0.030   6208.0   85.0   0.032  0.088  
TOI-263b         61.6    4.0    4.0    0.91     0.07    0.07    0.5568   0.017   0.0028  0.44   0.03    0.03    0.44    0.03    0.03    3471.0   100    0.00   0.09      
LHS6343c         62.90   2.30   2.30   0.833    0.021   0.021   12.713   0.056   0.032   0.37   0.009   0.009   0.378   0.008   0.008   3130.0   20.0   0.04   0.08   
TOI-569b         63.8    1.00   1.00   0.752    0.022   0.022   6.55620  0.0     0.0     1.203  0.033   0.064   1.479   0.028   0.028   5695.0   76     0.386  0.083  
TOI-2119b        64.4    2.2   2.3     1.083    0.031   0.027   7.2008   0.339   0.015   0.527  0.020   0.021   0.499   0.012   0.012   3647.0   48     0.078  0.08   
CoRoT-15b        64.00   4.70   5.00   0.943    0.12    0.073   3.06012  0.042   0.039   1.29   0.11    0.12    1.401   0.14    0.094   6340.0   180.0  0.09   0.19   
KOI-415b         64.80   6.20   2.00   0.860    0.026   0.024   166.7878 0.7003  0.0031  0.931  0.14    0.040   1.355   0.039   0.037   5783.0   84.0   -0.240 0.10   
TOI-1982b        65.85   2.75   2.72   1.08     0.04    0.04    17.17245 0.272   0.014   1.41   0.08    0.08    1.51    0.05    0.05    6325.0   110.0  -0.10  0.09   
TOI-629b         66.98   2.96   2.95   1.11     0.05    0.05    8.7180   0.298   0.008   2.16   0.13    0.13    2.37    0.11    0.11    9100.0   200    0.10   0.15   
TOI-4737b	 67.5	 3.2	3.3	0.816	0.052	0.044	9.320278 0.018	0.022	1.402	0.083	0.085	1.568	0.076	0.062	6330	220	0.25	0.11  
TOI-2543b        67.62   3.45   3.45   0.95     0.09    0.09    7.542776 0.009   0.003   1.29   0.08    0.08    1.86    0.15    0.15    6060.0   82.0   -0.28  0.10   
HIP33609b        68.00   7.40   7.10   1.580    0.074   0.070   39.47181 0.560   0.031   2.383  0.10    0.095   1.863   0.087   0.082   10400.0  800.0  -0.01  0.20   
LP261-75b        68.09   2.10   2.10   0.898    0.015   0.015   1.882    0.007   0.0     0.300  0.015   0.015   0.313   0.005   0.005   3100.0   50.0   0.0    0.0    
NGTS-19b         69.5    5.70  5.40    1.034    0.055   0.053   17.8397  0.3767  0.0061  0.807  0.038   0.043   0.896   0.040   0.035   4716.0   39.0   0.11   0.074  
TOI-2336b        69.9    2.3    2.3    1.05     0.04    0.04    7.71198  0.010   0.006   1.41   0.08    0.08    1.781   0.059   0.059   6550.0   100.0  0.0    0.03   
EPIC201702477b   70.90   2.60   2.40   0.830    0.040   0.036   40.73746 0.2282  0.0033  0.951  0.050   0.051   1.013   0.032   0.031   5542.0   62.0   0.014  0.033  
CoRoT-34b        71.40   8.90   8.60   1.09     0.17    0.16    2.11853  0.00    0.00    1.66   0.08    0.15    1.85    0.29    0.25    7820.0   160.0  -0.20  0.20   
TOI-2533b        72.0    3.00   3.00   0.850    0.040   0.030   6.6847   0.195   0.131   1.020  0.060   0.070   1.110   0.010   0.010   6180.0   80.0   -0.3   0.20   
NGTS-7Ab         75.5    3.00  13.00   1.380    0.140   0.130   0.675    0.0     0.0     0.24   0.03    0.03    0.61    0.06    0.06    3359     106    0.0    0.0       
TOI-148b         77.1    5.8    5.8    0.81     0.06    0.06    4.87     0.005   0.004   0.97   0.12    0.12    1.2     0.067   0.054   5900.0   140.0  -0.24  0.25   
TOI-2521b        77.5    3.3    3.3    1.01     0.04    0.04    5.56306  0.035   0.0     1.10   0.07    0.07    1.770   0.068   0.068   5600.0   100.0  -0.3   0.3    
Kepler-503b      78.6    3.1    3.1    0.96     0.06    0.04    7.25845  0.025   0.014   1.154  0.047   0.042   1.764   0.080   0.068   5670.0   100.0  0.169  0.046   
TOI-587b         79.9    5.30   5.10   1.377    0.043   0.040   8.04248  0.0     0.0     2.32   0.11    0.10    2.101   0.058   0.053   9780.0   200    0.00   0.10   
ZTFJ2020+5033    80.1    1.60   1.60   1.050    0.010   0.010   0.07928  0.0     0.0     0.134  0.004   0.004   0.176   0.002   0.002   2856.0   6.00   0.0    0.0    
KOI-189b         80.4    2.50   2.30   0.988    0.020   0.021   30.36    0.274   0.004   0.801  0.037   0.034   0.768   0.011   0.011   4973.0   84.0   0.04   0.14   
TOI-1712b        82.0    7.00   7.00   1.740    0.080   0.070   3.56663  0.090   0.072   1.630  0.010   0.020   3.100   0.070   0.100   6860.0   40.0   -0.2   0.10   
TOI-746b         82.2    4.9    4.9    0.95     0.09    0.09    10.98    0.20    0.0028  0.94   0.13    0.13    0.97    0.067   0.054   5690.0   140.0  -0.02  0.23   
TOI-4635b	84.0	2.1	2.0	1.02	0.019	0.019	12.27693 0.4906 0.0015  0.698	0.027	0.025	0.683	0.011	0.011	4555	 67	-0.091 0.039   
EBLMJ0555-57Ab 87.9    4.0    4.0     0.82   0.13 0.06  7.76     0.090  0.004    1.18  -0.08    0.08    1.00    -0.07   0.14    6368     124    -0.04  0.14
TOI-681b        88.7    2.5   2.3    1.52    0.25  0.15  15.78    0.093  0.022    1.54  -0.05  0.06    1.47   -0.04  0.04    7440   150   -0.08  0.05
OGLE-TR-123b    89.0    11.5  11.5   1.29    0.09  0.09   1.80     0      -        1.29  -0.26  0.26    1.55   -0.10  0.10    6700    300   -      -
TOI-694b        89.0    5.3   5.3    1.11    0.02  0.02   48.05    0.519  0.001    0.97  -0.04  0.05    1.00   -0.01  0.01    5496    87    0.21   0.08
TOI-1608b       90.7    3.7   3.7    1.21    0.06  0.06   2.4727   0.041  0.024    1.38  -0.00  0.08    2.222  -0.076 0.0076  5950    100   0.10   0.30
TOI-5467b       91.6    2.8   2.8    1.126   0.051 0.049   2.6571   0.0439 0.0006   1.512 -0.063 0.060   1.531  -0.049 0.053   6740    160   0.28   0.09
KOI-607b        95.1    3.3   3.4    1.09    0.09 0.06   5.89     0.395  0.009    0.99  -0.05  0.05    0.92   -0.03  0.03    5418    87    0.38   0.08
EBLMJ1219-39b  95.4     1.9   2.5   1.14     0.05  0.07    6.76     0.055  0.000    0.83  -0.03  0.03    0.81   -0.02  0.04    5412    81    -0.21  0.07
TIC-320687387B 96.2     1.9   2.0   1.14     0.02  0.02   29.77    0.366  0.003    1.08  -0.03  0.03    1.16   -0.02  0.02    5780    80    0.30   0.08
OGLE-TR-122b    96.4    9.4   9.4    1.17    0.23 0.13 7.27     0.205  0.008    0.98  -0.14  0.14    1.05   -0.09  0.20    5700    300   0.15   0.36
TOI-1213b       97.5    4.4   4.2   1.66     0.78  0.55  27.22    0.498  0.003    0.99  -0.06  0.07    0.99   -0.04  0.04    5590    150   0.25   0.14
K2-76b          98.7    2.0   2.0    0.89    0.05  0.03 11.99    0.255  0.007    0.96  -0.03  0.03    1.17   -0.03  0.06    5747    70    0.01   0.04
CoRoT-101186644 100.6   11.5  11.5   1.01    0.25  0.06 20.68    0.402  0.006    1.20  -0.20  0.20    1.07    0.00  0.07    6090    200   0.20   0.20
TOI-3122b       101.5   4.1   4.8    1.235   0.075 0.057 6.1836   0.4704 0.008    1.247 -0.091 0.074   1.336  -0.045 0.062   6120    220   0.29   0.11
TOI-4759b       102.0   7.8   5.3    0.993   0.082 0.075  9.65779  0.2424 0.0032   1.242 -0.097 0.15    1.927   0.00  0.11    5680    150   0.28   0.17
J2343+29Ab      102.7   7.3   7.3    1.24    0.07  0.07  16.95    0.161  0.002    0.86  -0.10  0.10    0.85   -0.06  0.05    5150    90    0.07   0.17
EBLMJ0954-23Ab 102.8    5.9   6.0    0.98    0.17  0.17   7.57     0.042  0.001    1.17  -0.08  0.08    1.23    0.00  0.17    6406    124   -0.01  0.14
KOI-686b        103.4   4.8   4.8    1.22    0.04  0.04   52.51    0.556  0.004    0.98  -0.07  0.07    1.04   -0.03  0.03    5834    100   -0.06  0.13
TIC-220568520b  107.2   5.2   5.2    1.25    0.02  0.02   18.56    0.096  0.003    1.03  -0.04  0.04    1.01   -0.01  0.01    5589    81    0.26   0.07
TOI-4462b       107.6   6.6   5.8   1.286    0.071 0.058 4.9133   0.0202 0.0037   1.36  -0.11  0.13    2.149  -0.064 0.085   5960    120   0.09   0.16
TOI-5240b       127.6   5.0   5.0    1.7     0.11  0.11   4.17930  0.0109 0.012    1.744 -0.096 0.096   2.38   -0.12  0.12    7340    360   -0.13  0.19
